378,14
378,13
378,12
378,11
378,10
378,9
378,8
378,7
378,6
378,5
378,4
378,3
378,2
378,1
378,0
366,4
366,3
366,2
366,1
366,0
363,5
363,4
363,3
363,2
363,1
363,0
4,3
4,1
2,122
2,72
2,71
2,67
2,64
2,34
2,32
2,17
2,5
2,2
2,0
1,5
0,503
0,501
0,491
0,488
0,484
0,482
0,472
0,452
0,439
0,434
0,433
0,431
0,427
0,418
0,417
0,416
0,411
0,407
0,406
0,405
0,400
0,396
0,387
0,383
0,380
0,379
0,378
0,377
0,359
0,353
0,350
0,344
0,342
0,341
0,322
0,319
0,318
0,316
0,315
0,314
0,313
0,312
0,311
0,243
0,0
0,466
0,476
0,509
1,1
2,73
2,1
0,474
1,4
2,83
2,3
1,3
0,9
0,310
0,305
0,504
0,499
0,442
0,391
0,412
0,308
0,351
0,304
0,338
0,303
0,302
0,307
0,447
0,12
0,362
0,10
0,410
0,8
0,415
0,300
0,470
0,299
0,327
0,298
0,428
0,297
0,404
0,296
0,301
0,295
0,468
0,294
0,467
0,293
0,496
0,292
0,414
0,291
0,425
0,290
0,413
0,289
0,367
0,288
0,328
0,287
0,354
0,286
0,465
0,285
0,366
0,284
0,424
0,283
0,349
0,282
0,423
0,281
0,325
0,280
0,388
0,279
0,321
0,278
0,365
0,277
0,348
0,276
0,384
0,275
0,438
0,274
0,409
0,273
378,15
378,16
378,18
378,19
378,21
378,22
378,24
378,26
378,27
378,29
378,30
378,32
378,34
378,35
378,37
378,38
378,40
378,41
378,43
378,45
378,46
378,48
378,49
378,51
378,65
378,66
378,68
379,0
379,2
379,3
380,1
380,3
380,4
381,1
381,2
381,4
382,1
382,2
387,0
387,1
387,3
387,4
395,1
395,3
395,4
396,1
396,2
396,4
397,1
397,2
397,4
398,0
398,2
398,4
399,0
399,2
399,3
400,1
400,2
400,4
403,1
403,2
404,0
404,1
404,3
405,0
405,1
405,3
406,0
406,2
406,3
407,1
407,3
408,0
408,2
408,3
413,1
413,3
413,4
423,1
423,2
423,4
423,5
425,1
425,3
425,4
428,1
428,2
428,4
429,0
429,1
429,3
429,4
429,6
430,1
430,2
430,4
431,0
431,2
431,3
431,5
432,1
432,2
432,4
432,5
433,1
433,3
433,4
434,1
434,2
434,4
434,5
435,1
435,3
435,4
436,1
436,2
436,4
437,0
437,1
437,3
437,4
438,1
438,2
438,4
439,0
439,1
439,3
439,4
440,0
440,2
440,3
440,5
441,0
441,2
441,3
442,0
442,2
442,3
442,5
443,0
443,2
443,4
443,5
444,1
444,2
444,4
445,0
445,1
445,3
445,4
446,0
446,1
446,3
446,5
447,0
447,2
447,3
447,5
448,1
448,2
448,4
449,0
449,2
449,3
449,5
450,1
450,2
450,4
450,5
451,0
451,2
451,3
452,0
452,1
452,3
452,4
452,6
452,8
452,9
453,1
453,2
453,4
454,1
454,2
454,4
454,5
454,7
455,1
455,2
455,4
455,5
456,1
456,2
456,4
457,1
457,2
457,4
458,0
458,2
458,4
458,5
459,0
459,1
459,3
459,4
459,6
460,1
460,2
460,4
460,5
460,7
461,1
461,2
461,4
461,5
462,1
462,2
462,4
463,1
463,2
463,4
463,5
463,7
463,9
463,10
464,0
464,1
464,3
464,4
465,1
465,3
465,4
466,1
466,2
466,4
466,6
466,7
467,1
467,2
467,4
468,0
468,1
468,3
468,4
469,1
469,2
469,4
470,0
470,1
470,3
470,4
470,6
470,8
470,9
470,11
470,12
470,14
470,15
471,0
471,2
471,3
471,5
471,6
471,8
472,1
472,2
472,4
473,0
473,2
473,3
473,5
474,1
474,2
474,4
474,5
474,7
475,1
475,2
475,4
475,5
475,7
476,0
476,1
476,3
476,4
476,6
476,7
477,1
477,3
477,4
477,6
478,0
478,2
478,4
478,5
479,1
479,2
479,4
479,5
479,7
479,9
479,10
479,12
479,13
479,15
480,1
480,2
480,4
480,5
481,1
481,2
481,4
482,0
482,1
482,3
482,4
483,0
483,2
483,3
483,5
484,0
484,2
484,4
485,0
485,2
485,3
486,0
486,1
486,3
486,5
498,0
498,2
498,3
530,1
530,3
535,0
535,2
535,3
535,5
536,0
536,2
536,4
536,5
537,1
537,2
539,0
539,2
539,3
540,0
540,1
540,3
540,4
541,1
541,3
542,0
542,2
542,3
542,5
543,0
543,1
543,3
543,4
543,6
543,7
543,9
543,11
543,12
543,14
543,15
543,17
544,1
544,2
544,4
544,5
544,8
545,0
545,1
545,3
545,4
545,7
545,8
545,10
545,12
545,13
545,15
545,16
545,18
545,20
545,21
545,23
545,24
545,26
545,27
545,29
545,31
545,32
545,34
545,35
545,64
545,66
545,67
545,69
545,70
545,72
545,73
545,75
545,77
545,78
546,1
546,2
546,4
546,7
546,8
546,10
546,11
546,13
546,15
546,16
546,18
546,19
547,1
547,2
548,0
548,2
548,3
548,5
548,6
548,9
549,1
549,2
549,4
549,5
549,8
549,9
549,11
549,13
550,0
550,2
550,3
550,5
551,1
551,2
552,0
552,1
552,3
552,4
552,6
552,9
552,10
552,12
552,13
554,1
554,3
554,4
554,7
554,8
554,10
554,11
554,13
554,15
554,16
555,1
555,2
556,0
556,2
556,3
559,1
559,2
559,4
559,6
559,8
560,0
560,1
560,3
561,0
561,2
562,0
562,1
562,3
562,4
562,6
563,1
563,2
564,0
564,1
564,3
565,0
565,2
565,4
566,0
566,2
566,3
566,5
567,1
567,2
567,4
568,0
568,2
568,3
568,5
569,1
569,2
570,0
570,1
570,3
570,5
570,6
570,8
570,9
571,0
571,2
571,3
572,1
572,2
572,4
572,5
572,7
572,9
572,10
572,12
572,13
573,1
573,3
574,0
574,2
574,3
575,1
575,2
576,0
576,2
576,3
576,1
575,3
575,0
574,1
573,2
573,0
572,11
572,8
572,6
572,3
572,0
571,1
570,10
570,7
570,4
570,2
569,3
569,0
568,4
568,1
567,3
567,0
566,4
566,1
565,3
565,1
564,2
563,3
563,0
562,5
562,2
561,3
561,1
560,2
559,9
559,5
559,3
559,0
556,1
555,3
555,0
554,14
554,12
554,9
554,5
554,2
554,0
552,11
552,8
552,5
552,2
551,3
551,0
550,4
550,1
549,12
549,10
549,6
549,3
549,0
548,8
548,4
548,1
547,3
547,0
546,17
546,14
546,12
546,9
546,5
546,3
546,0
545,76
545,74
545,71
545,68
545,65
545,36
545,33
545,30
545,28
545,25
545,22
545,19
545,17
545,14
545,11
545,9
545,5
545,2
544,9
544,7
544,3
544,0
543,16
543,13
543,10
543,8
543,5
543,2
542,6
542,4
542,1
541,2
541,0
540,2
539,4
539,1
537,3
537,0
536,3
536,1
535,4
535,1
530,2
530,0
498,1
486,4
486,2
485,4
485,1
484,3
484,1
483,4
483,1
482,5
482,2
481,5
481,3
481,0
480,3
480,0
479,14
479,11
479,8
479,6
479,3
479,0
478,3
478,1
477,5
477,2
477,0
476,5
476,2
475,8
475,6
475,3
475,0
474,6
474,3
474,0
473,4
473,1
472,3
472,0
471,7
471,4
471,1
470,16
470,13
470,10
470,7
470,5
470,2
469,5
469,3
469,0
468,2
467,5
467,3
467,0
466,5
466,3
466,0
465,2
465,0
464,2
463,11
463,8
463,6
463,3
463,0
462,3
462,0
461,3
461,0
460,6
460,3
460,0
459,5
459,2
458,6
458,3
458,1
457,3
457,0
456,3
456,0
455,3
455,0
454,6
454,3
454,0
453,3
453,0
452,7
452,5
452,2
451,4
451,1
450,6
450,3
450,0
449,4
449,1
448,3
448,0
447,4
447,1
446,4
446,2
445,5
445,2
444,5
444,3
444,0
443,3
443,1
442,4
442,1
441,4
441,1
440,4
440,1
439,5
439,2
438,5
438,3
438,0
437,2
436,5
436,3
436,0
435,2
435,0
434,3
434,0
433,2
433,0
432,3
432,0
431,4
431,1
430,3
430,0
429,5
429,2
428,5
428,3
428,0
425,2
425,0
423,3
423,0
413,2
413,0
408,1
407,2
407,0
406,1
405,2
404,4
404,2
403,3
403,0
400,3
400,0
399,1
398,3
398,1
397,3
397,0
396,3
396,0
395,2
395,0
387,2
382,3
382,0
381,3
381,0
380,2
380,0
379,1
378,67
378,64
378,50
378,47
378,44
378,42
378,39
378,36
378,33
378,31
378,28
378,25
378,23
378,20
378,17
0,389
0,272
0,357
0,271
0,478
0,270
0,337
0,269
0,463
0,268
0,347
0,267
0,373
0,266
0,361
0,265
0,494
0,264
0,382
0,263
0,464
0,262
0,408
0,261
0,511
0,260
0,403
0,259
0,498
0,258
0,422
0,257
0,335
0,256
0,510
0,255
0,502
0,254
0,402
0,253
0,461
0,252
0,401
0,251
0,493
0,250
0,372
0,249
0,375
0,248
0,398
0,247
0,497
0,246
0,374
0,245
0,495
0,244
0,441
0,242
0,492
0,241
0,368
0,240
0,458
0,239
0,324
0,238
0,339
0,237
0,370
0,236
0,369
0,235
0,456
0,234
0,440
0,233
0,360
0,232
0,395
0,231
0,490
0,230
0,437
0,229
0,455
0,228
0,450
0,227
0,421
0,226
0,483
0,225
0,508
0,224
0,309
0,223
0,364
0,222
0,345
0,221
0,420
0,220
0,507
0,219
0,481
0,218
0,385
0,217
0,475
0,216
0,336
0,215
0,435
0,214
0,453
0,213
0,332
0,212
0,480
0,211
0,419
0,210
0,489
0,209
0,352
0,208
0,454
0,207
0,356
0,206
0,469
0,205
0,394
0,204
0,346
0,203
0,432
0,202
0,448
0,201
0,393
0,200
0,355
0,199
0,486
0,198
0,462
0,197
0,397
0,196
0,460
0,195
0,479
0,194
0,500
0,193
0,386
0,192
0,430
0,63
0,358
0,62
0,477
0,61
0,457
0,60
0,343
0,59
0,340
0,58
0,334
0,57
0,306
0,56
0,459
0,55
0,446
0,54
0,333
0,53
0,429
0,52
0,445
0,51
0,331
0,50
0,392
0,49
0,390
0,48
0,451
0,47
0,506
0,46
0,473
0,45
0,444
0,6
0,5
0,1
0,443
0,11
0,4
0,2
0,3
0,7
